movl 0 -44.4973 390.0262 170.0267 178.4665 -29.2412 143.9767 100.0000 stroke1
movl 0 -47.4191 391.9004 171.7025 -179.1481 -27.0449 139.7157 100.0000 stroke1
movl 0 -54.0857 388.7849 171.8168 -179.9444 -26.6957 140.9087 100.0000 stroke1
movl 0 -55.3352 387.6075 171.6841 -179.8905 -26.5786 141.0068 100.0000 stroke1
movl 0 -54.8221 387.5076 171.3992 -179.5567 -26.7450 142.1667 100.0000 stroke1
movl 0 -56.0509 387.9012 171.1800 -179.5142 -25.4979 141.9277 100.0000 stroke1
movl 0 -58.9109 387.8721 171.3495 -179.9982 -23.8800 141.0506 100.0000 stroke1
movl 0 -61.4123 387.0277 171.3870 179.3152 -22.7409 140.4587 100.0000 stroke1
movl 0 -63.3213 386.5195 171.5975 178.9791 -21.9930 139.6651 100.0000 stroke1
movl 0 -65.2521 385.8376 171.7168 178.3512 -21.5864 139.0261 100.0000 stroke1
movl 0 -65.3007 386.6045 171.7825 178.3615 -21.0234 137.4022 100.0000 stroke1
movl 0 -65.5481 387.5918 171.8326 178.2095 -20.2447 135.4657 100.0000 stroke1
movl 0 -65.4016 389.2007 171.9083 178.2161 -19.2898 132.7677 100.0000 stroke1
movl 0 -65.2472 390.9745 171.6776 178.1086 -18.4437 130.6298 100.0000 stroke1
movl 0 -63.7412 388.8544 172.2387 178.2170 -19.6335 131.0521 100.0000 stroke1
movl 0 -61.9184 387.7166 172.5345 178.1517 -20.5881 131.3385 100.0000 stroke1
movl 0 -61.2113 387.0704 172.7766 177.9747 -21.0115 131.3723 100.0000 stroke1
movl 0 -61.0478 387.1276 172.8336 178.1351 -20.8617 131.3251 100.0000 stroke1
movl 0 -61.3252 387.4704 173.2397 178.7450 -19.9898 130.7478 100.0000 stroke1
movl 0 -61.3236 388.0900 173.2251 179.2638 -19.4320 130.2778 100.0000 stroke1
movl 0 -58.5357 385.8638 173.2961 -179.6200 -21.7423 133.1693 100.0000 stroke1
movl 0 -40.1415 380.6859 176.0640 179.8674 -30.8233 139.5824 100.0000 stroke1
movl 0 -31.9175 373.7633 203.0930 163.1545 -36.0829 169.2447 100.0000 stroke1
movl 0 -43.1509 396.7125 224.1002 162.3617 -35.1378 -175.7022 100.0000 stroke2
movl 0 -41.5239 387.4785 184.4990 163.4099 -31.3512 -179.4542 100.0000 stroke2
movl 0 -45.3347 383.9496 175.2555 164.4405 -27.7756 177.7817 100.0000 stroke2
movl 0 -50.7687 382.9449 173.4765 166.4556 -25.4479 175.0983 100.0000 stroke2
movl 0 -53.1019 384.3951 172.6854 167.4683 -24.4842 174.1424 100.0000 stroke2
movl 0 -54.4176 386.7679 171.6721 168.6253 -24.2192 173.7020 100.0000 stroke2
movl 0 -58.2631 391.4581 171.1054 173.0580 -22.3279 168.9819 100.0000 stroke2
movl 0 -59.0759 394.1881 171.8435 176.9973 -21.1483 163.4210 100.0000 stroke2
movl 0 -59.5603 396.1019 172.6779 -179.5686 -20.0215 158.1208 100.0000 stroke2
movl 0 -59.8994 397.4788 173.3547 -177.0168 -18.8391 154.0617 100.0000 stroke2
movl 0 -60.4713 399.6527 174.1097 -173.8134 -16.9405 149.4254 100.0000 stroke2
movl 0 -60.4824 400.1081 174.9333 -171.3816 -15.5582 145.3342 100.0000 stroke2
movl 0 -57.7944 397.7244 175.5118 -172.4077 -17.2393 144.8529 100.0000 stroke2
movl 0 -58.9808 399.0031 175.7247 -171.2790 -15.7389 144.5023 100.0000 stroke2
movl 0 -59.3306 398.7104 175.7933 -171.4482 -15.7779 144.3927 100.0000 stroke2
movl 0 -54.0125 386.4661 177.0069 -178.7927 -24.1777 149.8051 100.0000 stroke2
movl 0 -56.5249 361.4080 208.9364 153.1486 -26.6491 175.7043 100.0000 stroke2
movl 0 -40.4043 382.6771 240.5691 154.8879 -27.2143 -167.7926 100.0000 stroke3
movl 0 -39.3005 378.6020 188.1298 160.7406 -25.9559 -174.4886 100.0000 stroke3
movl 0 -45.0606 374.3538 176.2463 162.1757 -22.3755 -176.2515 100.0000 stroke3
movl 0 -49.6987 374.4423 173.7986 162.0125 -20.6043 -175.9045 100.0000 stroke3
movl 0 -52.3171 375.6200 172.8268 162.1281 -20.2610 -175.4729 100.0000 stroke3
movl 0 -52.9114 377.9677 172.2614 163.2257 -20.2629 -176.3543 100.0000 stroke3
movl 0 -57.1251 378.4304 172.3935 164.4175 -18.6512 -179.2890 100.0000 stroke3
movl 0 -59.3499 378.2517 172.7969 164.9484 -17.6483 178.2303 100.0000 stroke3
movl 0 -59.2956 379.1602 172.8003 165.5523 -17.4846 176.5277 100.0000 stroke3
movl 0 -57.8520 380.3654 172.9221 166.2524 -17.4518 174.7534 100.0000 stroke3
movl 0 -55.6267 382.2901 173.0232 167.2791 -17.2669 172.0953 100.0000 stroke3
movl 0 -51.6397 385.1959 173.0673 168.4432 -16.9697 168.6007 100.0000 stroke3
movl 0 -46.6078 387.4405 173.1343 169.9926 -17.6710 165.1771 100.0000 stroke3
movl 0 -42.0894 388.1625 173.5148 171.8444 -19.7871 161.4708 100.0000 stroke3
movl 0 -38.7311 394.2949 172.8382 177.2018 -19.4272 154.3780 100.0000 stroke3
movl 0 -32.5593 402.2036 171.1389 -176.4243 -19.3709 147.9238 100.0000 stroke3
movl 0 -29.8735 405.5977 170.3475 -172.8723 -19.4620 144.8590 100.0000 stroke3
movl 0 -29.6312 407.1493 170.4341 -169.2196 -18.1778 140.8089 100.0000 stroke3
movl 0 -30.5326 407.6934 170.9257 -166.0704 -16.6764 138.2175 100.0000 stroke3
movl 0 -28.2386 406.2448 171.4893 -166.4611 -17.7477 136.8670 100.0000 stroke3
movl 0 -30.6859 407.3689 171.3433 -165.0685 -16.0921 136.7252 100.0000 stroke3
movl 0 -28.8553 406.9941 171.5641 -165.0650 -16.6942 135.6632 100.0000 stroke3
movl 0 -30.3759 403.8062 172.1656 -166.4862 -17.5137 135.5430 100.0000 stroke3
movl 0 -24.5259 384.1054 179.8678 -175.6048 -29.3287 139.4635 100.0000 stroke3
movl 0 -21.4585 351.3032 236.6821 147.6789 -40.1191 174.7183 100.0000 stroke3
movl 0 -34.6566 385.9217 185.9989 -176.3999 -31.9166 147.3815 100.0000 stroke4
movl 0 -35.0928 385.9347 174.0580 -172.7670 -26.9212 139.8654 100.0000 stroke4
movl 0 -47.7898 378.7866 176.0919 -177.3497 -24.3681 139.1122 100.0000 stroke4
movl 0 -49.7420 378.4463 176.6297 -176.3353 -24.3946 138.9359 100.0000 stroke4
movl 0 -51.0143 379.8264 175.6286 -175.5680 -23.8425 139.2334 100.0000 stroke4
movl 0 -51.6005 380.1425 175.0512 -175.4640 -23.6211 139.3857 100.0000 stroke4
movl 0 -52.6676 380.3568 174.6178 -175.7104 -23.0723 139.6162 100.0000 stroke4
movl 0 -54.7830 379.9859 174.0919 -176.4755 -22.3134 139.4527 100.0000 stroke4
movl 0 -57.8074 379.7269 174.2655 -177.1328 -20.8845 138.6280 100.0000 stroke4
movl 0 -59.3441 379.1934 174.2744 -177.7936 -20.5475 138.3095 100.0000 stroke4
movl 0 -58.5021 380.3455 174.2743 -177.7900 -19.9267 136.4244 100.0000 stroke4
movl 0 -57.6203 381.8919 174.0820 -177.8416 -19.1522 134.2191 100.0000 stroke4
movl 0 -56.4584 383.4717 173.7965 -177.5979 -18.6594 132.5388 100.0000 stroke4
movl 0 -55.0052 381.1409 174.5793 -177.8987 -19.9488 132.8598 100.0000 stroke4
movl 0 -53.6973 380.6717 174.8179 -177.8923 -20.4321 132.8166 100.0000 stroke4
movl 0 -53.5917 380.5592 174.8391 -177.7763 -20.4480 132.9049 100.0000 stroke4
movl 0 -54.4005 381.9202 175.0675 -177.0307 -18.9125 132.5147 100.0000 stroke4
movl 0 -54.3313 381.8655 174.8391 -176.6830 -19.4373 134.1124 100.0000 stroke4
movl 0 -49.5669 364.6834 183.2892 177.6942 -30.5289 149.3970 100.0000 stroke4
movl 0 -49.0774 340.9577 248.7241 159.4692 -37.0509 168.8293 100.0000 stroke4
movl 0 -39.7485 386.0001 211.7637 -175.7411 -31.1563 153.8151 100.0000 stroke5
movl 0 -33.5344 383.4427 175.7148 -174.8768 -30.4756 148.9285 100.0000 stroke5
movl 0 -38.2191 379.1772 174.0252 -177.5967 -29.2943 149.4669 100.0000 stroke5
movl 0 -39.9435 379.8335 172.5239 -177.8546 -28.6031 149.0762 100.0000 stroke5
movl 0 -40.0495 380.8798 173.2420 -176.9312 -27.2657 146.6243 100.0000 stroke5
movl 0 -42.2069 381.5904 176.3071 -174.7740 -23.9177 140.6496 100.0000 stroke5
movl 0 -47.4980 378.2887 176.9190 -175.1843 -23.4997 141.1654 100.0000 stroke5
movl 0 -50.6832 376.7238 175.9792 -176.1696 -24.1076 142.9301 100.0000 stroke5
movl 0 -52.5986 377.3230 175.6565 -176.0376 -22.9325 142.3267 100.0000 stroke5
movl 0 -55.1037 375.9054 175.3241 -176.3758 -22.7252 143.1379 100.0000 stroke5
movl 0 -58.8012 375.8973 174.5461 -177.4343 -21.0525 142.4840 100.0000 stroke5
movl 0 -62.6427 374.1173 174.8764 -178.6275 -20.0898 142.2576 100.0000 stroke5
movl 0 -63.1487 374.6137 174.9610 -178.8342 -19.3462 141.0812 100.0000 stroke5
movl 0 -61.0317 375.8168 175.2768 -178.5174 -18.8722 139.2246 100.0000 stroke5
movl 0 -57.5975 377.3526 175.3539 -178.1469 -18.3608 136.9158 100.0000 stroke5
movl 0 -53.6580 379.3067 175.3776 -177.7619 -17.8260 134.2984 100.0000 stroke5
movl 0 -52.0161 380.4377 175.2782 -177.4992 -17.4896 133.2193 100.0000 stroke5
movl 0 -51.5824 379.5471 175.6508 -177.4084 -18.2133 134.1233 100.0000 stroke5
movl 0 -44.9205 376.2823 188.2383 -178.6876 -24.1384 139.4625 100.0000 stroke5
movl 0 -30.9305 395.6791 220.7183 160.1789 -32.8634 178.2300 100.0000 stroke6
movl 0 -30.1666 391.7704 181.1116 162.4844 -30.7313 174.0955 100.0000 stroke6
movl 0 -33.4241 393.3039 166.9349 163.8045 -28.5230 172.2845 100.0000 stroke6
movl 0 -34.5438 395.0445 165.1039 165.7408 -28.0475 170.7036 100.0000 stroke6
movl 0 -35.7527 396.6259 163.9760 165.9268 -27.8603 170.8078 100.0000 stroke6
movl 0 -39.0139 399.4044 163.1280 168.3664 -26.6092 168.1301 100.0000 stroke6
movl 0 -39.2985 403.1477 163.5858 174.1404 -25.6040 159.7722 100.0000 stroke6
movl 0 -38.2167 405.1423 163.6007 178.5106 -25.4365 153.1688 100.0000 stroke6
movl 0 -38.4677 405.4635 163.8863 -178.8642 -25.3788 149.3106 100.0000 stroke6
movl 0 -38.2599 406.0275 164.1972 -177.8439 -24.9251 148.2806 100.0000 stroke6
movl 0 -37.9155 406.2998 164.8740 -176.4338 -24.4433 146.7708 100.0000 stroke6
movl 0 -37.7953 406.6020 165.9471 -174.3920 -23.6229 144.4127 100.0000 stroke6
movl 0 -37.3138 407.0915 166.7063 -171.9298 -22.7080 141.2966 100.0000 stroke6
movl 0 -37.3310 407.3674 167.2223 -169.7633 -21.4280 138.0452 100.0000 stroke6
movl 0 -37.4094 408.0043 167.7047 -167.7124 -19.9884 134.9336 100.0000 stroke6
movl 0 -37.3036 408.6059 168.2113 -165.9749 -18.6547 132.2789 100.0000 stroke6
movl 0 -37.2481 409.3250 168.5956 -164.2891 -17.1305 129.6246 100.0000 stroke6
movl 0 -37.6635 410.3805 168.9065 -162.8883 -15.2956 127.3331 100.0000 stroke6
movl 0 -37.9568 411.4335 169.2581 -161.6531 -13.4994 125.5053 100.0000 stroke6
movl 0 -38.6316 411.9721 169.6515 -160.9183 -12.0754 124.2911 100.0000 stroke6
movl 0 -37.0396 411.2755 170.1956 -160.9362 -12.6679 123.6698 100.0000 stroke6
movl 0 -38.4102 412.3031 169.9584 -160.4828 -11.4218 123.7501 100.0000 stroke6
movl 0 -38.4117 412.3554 170.1539 -160.2557 -11.0564 123.4228 100.0000 stroke6
movl 0 -38.7444 412.2284 170.3223 -160.2413 -10.8143 123.2430 100.0000 stroke6
movl 0 -39.3633 412.0834 170.4601 -160.3469 -10.5756 122.9872 100.0000 stroke6
movl 0 -37.4548 408.5526 171.5682 -160.8694 -12.8505 122.4102 100.0000 stroke6
movl 0 -28.7689 387.3011 180.8030 -164.8171 -28.2108 125.9460 100.0000 stroke6
movl 0 -18.9345 359.0344 247.7692 169.3277 -50.0429 151.8365 100.0000 stroke6
movl 0 -36.5221 366.7407 188.5443 -151.0833 -24.7263 102.2609 100.0000 stroke7
movl 0 -38.5919 365.0855 170.7214 -150.5302 -16.2288 95.9719 100.0000 stroke7
movl 0 -43.6784 364.4703 171.8532 -153.0660 -13.4966 93.6224 100.0000 stroke7
movl 0 -47.7326 365.3611 171.3501 -154.0583 -12.9796 95.3371 100.0000 stroke7
movl 0 -51.7897 367.6377 169.2829 -154.0758 -12.9298 98.8097 100.0000 stroke7
movl 0 -56.9767 367.1060 168.7983 -156.6943 -12.9365 99.4884 100.0000 stroke7
movl 0 -62.3337 364.2661 169.7493 -159.8490 -12.8748 98.8647 100.0000 stroke7
movl 0 -63.7395 364.4513 170.5564 -161.1329 -11.7068 98.0076 100.0000 stroke7
movl 0 -66.8035 361.9788 171.0975 -162.4346 -12.7109 98.0030 100.0000 stroke7
movl 0 -65.6461 362.9184 171.2053 -162.6926 -12.5848 96.5941 100.0000 stroke7
movl 0 -63.6990 363.7406 171.5897 -162.7305 -12.3526 95.1144 100.0000 stroke7
movl 0 -60.2257 365.0286 171.9157 -162.4346 -11.9989 93.5892 100.0000 stroke7
movl 0 -56.1582 366.7661 172.2122 -162.1145 -11.6059 91.9987 100.0000 stroke7
movl 0 -52.0416 368.5635 172.4585 -161.8094 -11.1776 90.3634 100.0000 stroke7
movl 0 -48.5237 370.4782 172.4116 -161.7243 -10.7222 88.6910 100.0000 stroke7
movl 0 -44.4624 372.7326 172.2723 -161.7488 -10.1735 86.4964 100.0000 stroke7
movl 0 -42.7770 371.3030 172.8516 -160.7564 -10.7649 86.6362 100.0000 stroke7
movl 0 -41.5248 371.3083 173.0493 -160.2546 -10.8891 86.4265 100.0000 stroke7
movl 0 -42.0497 372.6689 172.7947 -160.8424 -9.5074 86.3618 100.0000 stroke7
movl 0 -42.1775 372.6650 172.6464 -160.4311 -9.5648 87.0613 100.0000 stroke7
movl 0 -40.3037 368.7906 174.0186 -158.0909 -11.7080 89.8206 100.0000 stroke7
movl 0 -37.1464 345.9104 190.1339 -156.8306 -27.9874 103.4870 100.0000 stroke7
movl 0 -30.3659 359.2536 189.2820 -177.1814 -33.7816 150.4792 100.0000 stroke8
movl 0 -33.6954 353.0650 174.5167 -178.7939 -29.9514 145.0826 100.0000 stroke8
movl 0 -38.3662 353.5603 172.9621 -178.6124 -27.0108 142.6833 100.0000 stroke8
movl 0 -39.2243 354.2863 172.9680 -177.9929 -26.0731 141.2174 100.0000 stroke8
movl 0 -39.7596 356.9427 172.0591 -176.8532 -25.4660 139.6514 100.0000 stroke8
movl 0 -42.4353 360.6888 171.3062 -176.0225 -22.3030 137.4431 100.0000 stroke8
movl 0 -37.8033 364.7829 170.9531 -173.0849 -21.5177 134.2189 100.0000 stroke8
movl 0 -31.6175 370.8444 170.0929 -168.9250 -20.5150 130.8703 100.0000 stroke8
movl 0 -27.7795 376.9161 168.8317 -164.8156 -17.8228 127.3413 100.0000 stroke8
movl 0 -27.4016 378.8678 168.6424 -162.7255 -16.3614 125.4076 100.0000 stroke8
movl 0 -27.8072 380.0976 168.8395 -161.0285 -14.5590 123.8216 100.0000 stroke8
movl 0 -28.0039 381.9778 168.5270 -159.4934 -12.9687 122.7780 100.0000 stroke8
movl 0 -29.1559 382.5517 168.3868 -158.8007 -12.0736 123.1179 100.0000 stroke8
movl 0 -30.3530 383.2156 168.1133 -158.1695 -11.1575 123.5908 100.0000 stroke8
movl 0 -33.0166 382.7873 168.0380 -158.1103 -11.0180 125.4326 100.0000 stroke8
movl 0 -34.5651 381.3089 168.4630 -158.6337 -11.5398 126.4666 100.0000 stroke8
movl 0 -31.0539 379.6255 169.1550 -159.0511 -12.7309 125.2959 100.0000 stroke8
movl 0 -32.6296 379.0332 169.2262 -159.1126 -12.3834 126.3516 100.0000 stroke8
movl 0 -33.7601 376.1389 170.2148 -160.2633 -13.0578 126.8854 100.0000 stroke8
movl 0 -31.2748 365.0232 173.6706 -163.9583 -17.8070 126.5307 100.0000 stroke8
movl 0 -33.0476 364.8097 173.2600 -164.7590 -17.6678 126.8315 100.0000 stroke8
movl 0 -37.9656 366.6512 171.7832 -164.5516 -16.2825 129.8453 100.0000 stroke8
movl 0 -41.0639 365.6676 170.9500 -165.5248 -16.7410 133.4031 100.0000 stroke8
movl 0 -41.6778 364.9048 170.5012 -166.3893 -17.7667 136.0624 100.0000 stroke8
movl 0 -42.3774 363.5397 170.4621 -167.3457 -18.8921 138.2059 100.0000 stroke8
movl 0 -42.2634 362.6584 170.5373 -168.0079 -19.8415 139.5862 100.0000 stroke8
movl 0 -42.0720 361.9923 170.7014 -168.3219 -20.4704 139.9184 100.0000 stroke8
movl 0 -41.3597 361.5871 170.7715 -168.5185 -21.1370 139.9915 100.0000 stroke8
movl 0 -38.9441 359.6515 171.4973 -169.0121 -22.7563 139.6539 100.0000 stroke8
movl 0 -31.5018 342.1243 176.0456 -177.4721 -31.8995 143.4750 100.0000 stroke8
movl 0 -33.8488 313.2040 199.7060 156.8907 -37.9496 167.4927 100.0000 stroke8
movl 0 -32.6147 386.1646 211.2408 -164.6047 -28.5772 139.1404 100.0000 stroke9
movl 0 -31.5027 383.9033 186.8866 -165.8279 -24.2549 136.6625 100.0000 stroke9
movl 0 -32.2616 383.2174 176.6791 -167.4444 -22.4220 137.4577 100.0000 stroke9
movl 0 -35.5803 383.2800 175.8937 -168.2597 -21.7766 138.2753 100.0000 stroke9
movl 0 -36.8029 382.3600 175.3699 -169.2542 -21.9873 138.9925 100.0000 stroke9
movl 0 -40.1623 383.7499 173.9897 -170.1954 -20.7260 139.5733 100.0000 stroke9
movl 0 -42.6519 388.1847 173.3149 -168.7995 -17.5887 138.5862 100.0000 stroke9
movl 0 -43.1869 389.1085 173.2295 -167.8108 -16.6798 138.3168 100.0000 stroke9
movl 0 -44.8269 388.2931 173.2638 -167.5933 -16.5773 139.3322 100.0000 stroke9
movl 0 -47.5353 387.3777 173.1775 -167.1120 -16.1155 140.7717 100.0000 stroke9
movl 0 -53.4812 384.8326 172.8670 -167.0134 -15.6997 143.7559 100.0000 stroke9
movl 0 -59.6148 381.2217 172.9067 -167.5366 -15.7352 146.5833 100.0000 stroke9
movl 0 -60.4717 380.5093 173.0466 -167.5915 -16.1384 147.3099 100.0000 stroke9
movl 0 -61.9929 379.6199 173.1992 -167.6708 -16.3157 147.8035 100.0000 stroke9
movl 0 -62.6813 379.0009 173.4399 -167.7630 -16.6841 148.0858 100.0000 stroke9
movl 0 -61.8580 378.6986 173.6152 -167.7633 -17.3077 148.2885 100.0000 stroke9
movl 0 -62.0208 378.6095 173.7242 -167.7611 -17.6404 148.4084 100.0000 stroke9
movl 0 -61.3637 378.2941 173.9406 -167.8231 -18.2122 148.5570 100.0000 stroke9
movl 0 -55.8792 374.5293 176.3729 -168.3402 -21.8672 148.2491 100.0000 stroke9
movl 0 -52.5923 355.1941 205.5243 -177.6834 -31.4359 152.4787 100.0000 stroke9
movl 0 -3.9887 404.5300 192.7298 164.3417 -31.4037 -170.6881 100.0000 stroke10
movl 0 -7.3064 394.2022 174.3326 165.3119 -26.9702 -176.5672 100.0000 stroke10
movl 0 -12.2492 391.1539 173.4657 164.4632 -23.9018 -177.4170 100.0000 stroke10
movl 0 -15.6970 388.4179 172.7313 161.7744 -22.0941 -176.3284 100.0000 stroke10
movl 0 -17.8286 389.2746 171.2424 160.2540 -20.9494 -175.0509 100.0000 stroke10
movl 0 -20.7862 393.6880 169.6042 161.6632 -19.8423 -174.8873 100.0000 stroke10
movl 0 -21.9087 400.1566 169.2810 166.5292 -19.2068 -178.1742 100.0000 stroke10
movl 0 -18.7519 404.8084 169.0549 169.5347 -19.9389 179.0814 100.0000 stroke10
movl 0 -18.4009 406.2459 169.3946 171.1697 -20.1783 177.7635 100.0000 stroke10
movl 0 -18.1666 406.7118 170.5509 173.4221 -20.4323 176.2941 100.0000 stroke10
movl 0 -18.7785 407.0447 171.5872 176.0319 -20.3156 174.6584 100.0000 stroke10
movl 0 -20.2361 406.9245 172.4030 178.0023 -20.0547 173.9286 100.0000 stroke10
movl 0 -21.6633 406.3094 172.8766 178.8729 -19.7867 174.0650 100.0000 stroke10
movl 0 -22.1868 405.9802 173.0913 179.1090 -19.6754 174.0478 100.0000 stroke10
movl 0 -21.9631 405.7336 173.2174 179.1528 -19.8684 174.1512 100.0000 stroke10
movl 0 -22.0479 405.6336 173.1927 179.2731 -19.8874 174.2507 100.0000 stroke10
movl 0 -22.2148 405.5794 173.2446 179.4197 -19.9464 174.4110 100.0000 stroke10
movl 0 -22.2222 405.4920 173.2631 179.4895 -19.9670 174.4701 100.0000 stroke10
movl 0 -22.3395 405.5248 173.2984 179.6192 -20.0001 174.6054 100.0000 stroke10
movl 0 -22.9065 405.3035 173.3017 179.7799 -19.9723 174.9759 100.0000 stroke10
movl 0 -23.6362 404.6821 173.4590 179.7305 -19.9472 175.5454 100.0000 stroke10
movl 0 -23.9241 403.9925 173.6585 179.5474 -20.0857 176.1525 100.0000 stroke10
movl 0 -23.8550 403.4436 173.8443 179.3467 -20.3237 176.5799 100.0000 stroke10
movl 0 -23.9656 402.9821 174.0095 179.1694 -20.4896 177.0231 100.0000 stroke10
movl 0 -23.7016 402.6063 174.1378 178.9678 -20.8092 177.4693 100.0000 stroke10
movl 0 -22.3163 401.3799 174.5033 178.2958 -21.7130 178.4071 100.0000 stroke10
movl 0 -12.8736 387.9886 184.6803 168.9673 -26.6148 -176.8725 100.0000 stroke10
movl 0 -28.0187 342.6176 239.5484 141.2337 -13.3918 -158.7422 100.0000 stroke10
movl 0 -28.6006 385.2129 201.1373 154.6817 -8.3938 -134.4735 100.0000 stroke11
movl 0 -29.0090 378.2406 180.1315 156.4647 -4.1927 -137.8988 100.0000 stroke11
movl 0 -30.8356 374.4178 178.4456 157.2901 -3.5964 -139.6719 100.0000 stroke11
movl 0 -31.7710 375.4354 177.1987 157.8154 -4.0200 -140.4622 100.0000 stroke11
movl 0 -36.6494 376.7940 175.9774 159.3558 -3.1516 -141.3672 100.0000 stroke11
movl 0 -41.7138 375.9847 176.3973 161.4542 -1.8536 -143.6525 100.0000 stroke11
movl 0 -44.9206 374.3649 176.4556 161.6800 -0.8010 -144.6681 100.0000 stroke11
movl 0 -45.1956 374.8863 176.4205 161.9598 -0.3638 -146.3155 100.0000 stroke11
movl 0 -44.2732 376.6644 176.4932 162.5929 0.0713 -149.5283 100.0000 stroke11
movl 0 -43.2411 380.3276 175.8385 163.7546 0.6738 -154.0608 100.0000 stroke11
movl 0 -42.0641 382.8782 175.4293 164.3982 0.5622 -156.7518 100.0000 stroke11
movl 0 -38.8942 380.2395 176.2940 162.7206 -0.5471 -155.8130 100.0000 stroke11
movl 0 -35.9890 378.5152 177.0455 161.3791 -1.3463 -155.2324 100.0000 stroke11
movl 0 -34.7508 377.4622 177.3529 160.5864 -1.6619 -154.8667 100.0000 stroke11
movl 0 -34.4173 378.0330 177.2108 160.6849 -1.8089 -154.8634 100.0000 stroke11
movl 0 -34.1797 380.0163 176.9603 162.0484 -2.0289 -155.2391 100.0000 stroke11
movl 0 -34.4593 383.3354 176.7504 164.3846 -2.5682 -156.6800 100.0000 stroke11
movl 0 -32.4916 383.8221 176.5812 164.1817 -4.2060 -155.5534 100.0000 stroke11
movl 0 -23.9407 379.2061 178.4210 159.6395 -7.8099 -152.4076 100.0000 stroke11
movl 0 -8.9362 361.2527 211.2820 145.3199 -12.9937 -148.4321 100.0000 stroke11
movl 0 -18.7766 400.0344 240.9697 165.7624 -29.2694 -161.8918 100.0000 stroke12
movl 0 -3.5724 405.0473 184.1030 176.8679 -28.4028 -176.0997 100.0000 stroke12
movl 0 -0.2146 401.2769 177.1736 176.0866 -26.2752 -178.5228 100.0000 stroke12
movl 0 -3.8258 401.7696 174.8885 176.0549 -24.0869 -179.8868 100.0000 stroke12
movl 0 -5.2020 402.1893 174.3054 175.4901 -23.6980 -179.6925 100.0000 stroke12
movl 0 -7.9160 405.4197 173.0531 177.1062 -22.4323 -179.8274 100.0000 stroke12
movl 0 -10.4156 410.3719 172.0757 -179.2836 -20.5526 177.6883 100.0000 stroke12
movl 0 -10.6461 412.5749 171.6872 -177.2066 -20.3327 176.4880 100.0000 stroke12
movl 0 -12.2083 413.3477 171.8394 -175.2215 -19.8432 175.7891 100.0000 stroke12
movl 0 -14.3247 413.1066 171.8207 -173.6109 -19.6237 176.0967 100.0000 stroke12
movl 0 -17.3819 412.2539 171.6990 -172.6722 -19.4435 177.2763 100.0000 stroke12
movl 0 -20.6938 410.7651 171.7867 -172.3684 -19.5142 178.8459 100.0000 stroke12
movl 0 -23.8813 408.3327 172.1219 -172.6502 -19.7580 -179.6987 100.0000 stroke12
movl 0 -25.7002 407.0120 172.4342 -173.0042 -20.1271 -178.8990 100.0000 stroke12
movl 0 -26.1734 406.5655 172.6786 -173.3115 -20.6816 -178.5250 100.0000 stroke12
movl 0 -26.3881 406.2960 172.9272 -173.5451 -21.2247 -178.1434 100.0000 stroke12
movl 0 -26.5596 406.2534 173.0454 -173.7558 -21.5796 -177.9356 100.0000 stroke12
movl 0 -25.1831 405.2694 173.3803 -174.6525 -22.5908 -177.5275 100.0000 stroke12
movl 0 -14.5069 392.1345 186.5624 174.0352 -27.2125 -172.2499 100.0000 stroke12
movl 0 -20.8004 362.5020 239.7885 149.7510 -18.8242 -150.7678 100.0000 stroke12
movl 0 -28.4381 367.8160 208.1991 156.4339 -14.7124 -152.7475 100.0000 stroke13
movl 0 -29.3828 364.0173 185.5833 158.1353 -14.0283 -155.0872 100.0000 stroke13
movl 0 -37.2113 360.8841 182.9504 159.2497 -11.6969 -156.0845 100.0000 stroke13
movl 0 -39.4472 362.4426 181.1612 159.7205 -10.7451 -156.9769 100.0000 stroke13
movl 0 -41.1448 364.7038 179.9067 160.5600 -10.3835 -157.2718 100.0000 stroke13
movl 0 -43.9641 368.7094 178.5213 162.4886 -9.9349 -158.4210 100.0000 stroke13
movl 0 -48.9859 369.5081 178.2844 163.9868 -8.1225 -160.7182 100.0000 stroke13
movl 0 -49.6744 370.7571 178.4127 164.9053 -7.6392 -162.2927 100.0000 stroke13
movl 0 -49.5968 371.5038 178.5773 165.6622 -7.8474 -162.9264 100.0000 stroke13
movl 0 -49.3828 372.9594 178.9656 167.0356 -8.0230 -164.0086 100.0000 stroke13
movl 0 -49.7668 374.5036 179.4931 168.7495 -7.8761 -165.4278 100.0000 stroke13
movl 0 -50.6026 377.0244 180.0618 171.2246 -7.5701 -167.6683 100.0000 stroke13
movl 0 -52.8785 380.0388 180.4199 174.1215 -6.4076 -170.8272 100.0000 stroke13
movl 0 -56.4194 383.2169 180.3739 176.9905 -4.5623 -175.0995 100.0000 stroke13
movl 0 -60.4317 386.7021 179.9856 179.5687 -2.1971 -179.6021 100.0000 stroke13
movl 0 -63.5631 389.4858 179.4154 -178.6457 -0.0365 176.3465 100.0000 stroke13
movl 0 -66.8567 393.0178 178.4808 -176.8776 2.4220 172.1144 100.0000 stroke13
movl 0 -68.9492 394.5322 177.8582 -176.3621 3.8368 169.3566 100.0000 stroke13
movl 0 -69.5991 394.9390 177.8959 -176.3756 4.3335 167.9340 100.0000 stroke13
movl 0 -69.6120 394.9893 178.0967 -176.4577 4.5788 166.2236 100.0000 stroke13
movl 0 -69.3334 395.2346 178.2818 -176.5968 4.8478 164.4925 100.0000 stroke13
movl 0 -68.6376 395.7422 178.4116 -176.5670 4.9539 162.9299 100.0000 stroke13
movl 0 -66.4830 396.9285 178.6285 -176.2541 4.8624 161.4510 100.0000 stroke13
movl 0 -64.7630 397.5127 178.9565 -176.0125 4.6889 160.4877 100.0000 stroke13
movl 0 -62.9204 397.6566 179.4246 -175.8035 4.4189 159.8038 100.0000 stroke13
movl 0 -60.6234 398.5937 179.6339 -175.5902 4.2540 159.0330 100.0000 stroke13
movl 0 -58.9339 399.1806 179.8524 -175.2155 4.1927 158.3729 100.0000 stroke13
movl 0 -56.9920 399.3058 180.1723 -175.0743 4.0131 157.8220 100.0000 stroke13
movl 0 -55.5654 399.5592 180.3835 -175.0526 3.9165 157.4189 100.0000 stroke13
movl 0 -54.7026 399.5542 180.7589 -175.0743 3.8516 157.0854 100.0000 stroke13
movl 0 -53.3027 399.4736 181.1427 -175.0722 3.7652 156.8062 100.0000 stroke13
movl 0 -51.6320 399.3271 181.7605 -174.9846 3.5694 156.6157 100.0000 stroke13
movl 0 -50.4301 399.0720 182.2886 -175.0373 3.3998 156.3420 100.0000 stroke13
movl 0 -49.3684 399.1566 182.7319 -175.0194 3.2406 156.2120 100.0000 stroke13
movl 0 -48.8856 398.9966 183.0605 -175.0491 3.1617 156.1376 100.0000 stroke13
movl 0 -47.6333 398.7601 183.7234 -175.0440 2.8927 156.0255 100.0000 stroke13
movl 0 -46.3198 398.2296 184.4861 -175.0185 2.4795 155.8882 100.0000 stroke13
movl 0 -44.4467 398.1859 185.3340 -174.9322 2.1166 155.5724 100.0000 stroke13
movl 0 -42.9702 397.5160 186.4085 -175.0435 1.6745 155.3801 100.0000 stroke13
movl 0 -41.7512 397.2109 186.9452 -175.0690 1.3398 155.2694 100.0000 stroke13
movl 0 -41.9487 396.6239 186.8143 -175.2613 1.0305 155.5703 100.0000 stroke13
movl 0 -39.5708 394.2596 188.2359 -175.7750 -0.7223 156.5624 100.0000 stroke13
movl 0 -30.8466 382.8976 194.8676 -179.2295 -6.8392 161.9557 100.0000 stroke13
movl 0 -20.8158 368.9729 213.4888 173.9697 -13.0320 169.3138 100.0000 stroke13
