movl 0 6.6511 387.8782 166.5022 177.6753 -45.0998 148.9673 100.0000 stroke1
movl 0 8.9593 390.4416 168.4389 179.3912 -45.0451 146.8645 100.0000 stroke1
movl 0 16.1204 403.3700 169.0125 -168.5584 -45.4904 135.1434 100.0000 stroke1
movl 0 -2.0093 403.3053 170.2424 -172.8566 -46.0555 140.2519 100.0000 stroke1
movl 0 -18.9890 402.2667 170.1057 -173.3227 -40.5454 141.1519 100.0000 stroke1
movl 0 -17.7474 404.2285 170.7335 -166.4781 -34.8367 133.8240 100.0000 stroke1
movl 0 -17.4421 403.0353 169.7061 -162.3291 -31.7586 129.3971 100.0000 stroke1
movl 0 -19.6516 402.3972 166.5158 -165.3296 -32.4382 133.8052 100.0000 stroke1
movl 0 -24.4675 402.4798 164.8207 -167.0735 -31.7059 136.7036 100.0000 stroke1
movl 0 -27.6998 402.8247 163.7733 -167.5946 -31.0630 138.1161 100.0000 stroke1
movl 0 -31.3905 405.9561 163.0562 -165.9377 -27.8527 136.2832 100.0000 stroke1
movl 0 -35.1157 408.0703 163.3570 -164.7427 -24.4285 133.0994 100.0000 stroke1
movl 0 -36.4555 409.2111 163.3577 -163.6146 -21.9186 129.7507 100.0000 stroke1
movl 0 -35.9851 410.5591 163.4172 -161.7829 -19.5878 125.1259 100.0000 stroke1
movl 0 -37.5563 410.5871 164.1988 -160.2760 -17.0541 120.3327 100.0000 stroke1
movl 0 -38.2293 411.0597 164.7168 -159.2146 -14.7543 116.6049 100.0000 stroke1
movl 0 -38.7258 411.2913 165.0886 -158.1628 -12.6889 113.0089 100.0000 stroke1
movl 0 -38.8486 411.4487 165.5669 -156.9920 -10.5275 109.2548 100.0000 stroke1
movl 0 -38.6986 411.4171 165.8561 -156.0890 -8.2721 106.2034 100.0000 stroke1
movl 0 -38.7284 411.2846 166.2667 -155.6473 -6.3568 103.5293 100.0000 stroke1
movl 0 -38.9509 411.4741 166.6168 -155.2500 -3.8585 100.3369 100.0000 stroke1
movl 0 -39.0805 411.9878 166.7015 -154.9945 -1.0284 96.7184 100.0000 stroke1
movl 0 -39.3651 412.3304 167.0063 -155.0658 1.6059 93.7847 100.0000 stroke1
movl 0 -40.0595 412.8070 167.1430 -155.4619 3.7473 91.5945 100.0000 stroke1
movl 0 -40.8823 414.0618 167.0543 -155.9341 6.5186 89.5072 100.0000 stroke1
movl 0 -41.5398 414.9144 166.8978 -156.5845 9.3116 86.8035 100.0000 stroke1
movl 0 -42.2090 415.8652 166.5760 -157.1117 11.2505 85.5199 100.0000 stroke1
movl 0 -43.8517 416.5171 166.2498 -157.7936 13.3024 84.7598 100.0000 stroke1
movl 0 -41.5089 413.8181 167.7052 -156.7348 11.3301 84.9065 100.0000 stroke1
movl 0 -38.1928 411.1421 169.0622 -155.6922 8.7582 85.2940 100.0000 stroke1
movl 0 -38.8499 411.5592 168.9265 -156.0545 9.5353 85.0719 100.0000 stroke1
movl 0 -40.1613 411.8997 168.8376 -156.6414 10.4547 84.9220 100.0000 stroke1
movl 0 -40.1780 411.6969 168.9377 -156.6908 10.0135 84.8264 100.0000 stroke1
movl 0 -38.3605 409.7730 170.6161 -156.0200 7.3694 85.0576 100.0000 stroke1
movl 0 -28.9981 400.2157 190.0178 -150.6234 -7.8526 89.5326 100.0000 stroke1
movl 0 -2.3132 389.0660 188.2973 -152.7814 -24.8784 102.7664 100.0000 stroke2
movl 0 1.2085 383.9794 177.0787 -152.2285 -26.6535 102.7572 100.0000 stroke2
movl 0 -3.3963 385.3478 174.0107 -153.9352 -25.3108 102.5095 100.0000 stroke2
movl 0 -7.3098 383.4529 174.3606 -155.7455 -24.7715 102.6293 100.0000 stroke2
movl 0 -19.5352 379.2929 174.9598 -159.1148 -24.2929 105.0483 100.0000 stroke2
movl 0 -24.0799 380.2068 173.8097 -159.5049 -22.8817 105.6712 100.0000 stroke2
movl 0 -29.4741 381.3642 172.9736 -160.2627 -22.3330 107.6986 100.0000 stroke2
movl 0 -31.8180 383.5931 171.6243 -160.9297 -21.6303 108.9581 100.0000 stroke2
movl 0 -34.4917 384.4264 170.3657 -162.3365 -21.3654 110.9461 100.0000 stroke2
movl 0 -36.5612 384.5433 170.0256 -163.7003 -21.0288 111.7167 100.0000 stroke2
movl 0 -39.0853 384.5981 170.0602 -164.8557 -19.5629 111.3915 100.0000 stroke2
movl 0 -40.8089 383.7791 170.3497 -166.0398 -19.7140 111.5659 100.0000 stroke2
movl 0 -41.0492 384.0442 170.2035 -166.7698 -19.6095 111.2415 100.0000 stroke2
movl 0 -39.3749 384.8230 170.2960 -166.9189 -19.2538 110.0815 100.0000 stroke2
movl 0 -36.6029 385.8561 170.4315 -166.8982 -18.8193 108.5745 100.0000 stroke2
movl 0 -31.2580 387.6548 170.5770 -166.5627 -18.2399 106.1781 100.0000 stroke2
movl 0 -24.6731 390.6718 170.3468 -166.3235 -17.2610 102.9615 100.0000 stroke2
movl 0 -21.0903 391.2634 170.3042 -165.2695 -17.2539 101.7045 100.0000 stroke2
movl 0 -18.4039 390.4123 170.6683 -164.0074 -18.1675 101.5419 100.0000 stroke2
movl 0 -19.1043 391.4304 170.4814 -164.1985 -17.0347 101.4591 100.0000 stroke2
movl 0 -18.1014 392.6342 170.2871 -164.0581 -15.8547 100.5539 100.0000 stroke2
movl 0 -18.9412 392.3788 170.2812 -163.4204 -15.6726 101.1376 100.0000 stroke2
movl 0 -18.0646 392.2803 170.2940 -162.8007 -15.8379 101.2000 100.0000 stroke2
movl 0 -17.5092 392.0265 170.7271 -162.5624 -16.2993 101.2964 100.0000 stroke2
movl 0 -13.2788 390.0413 173.3397 -161.2690 -18.3485 100.9698 100.0000 stroke2
movl 0 -3.6466 386.1179 193.5165 -157.4374 -23.9379 100.6408 100.0000 stroke2
movl 0 25.7768 404.0330 203.5404 -151.0806 -34.7277 103.9697 100.0000 stroke3
movl 0 31.7692 398.7745 165.4602 -147.1560 -22.7768 98.6448 100.0000 stroke3
movl 0 28.0591 397.4611 161.2966 -148.4492 -20.2846 97.8900 100.0000 stroke3
movl 0 21.8543 398.3244 160.6525 -149.7750 -19.5228 99.1896 100.0000 stroke3
movl 0 18.1386 399.6923 160.4058 -150.9300 -19.1916 99.9117 100.0000 stroke3
movl 0 12.3746 402.2238 160.5036 -153.1293 -16.8071 99.6782 100.0000 stroke3
movl 0 8.1253 403.2299 161.6356 -155.0130 -13.8145 98.1900 100.0000 stroke3
movl 0 9.3268 405.4049 161.0330 -154.7217 -11.2081 95.5507 100.0000 stroke3
movl 0 8.7539 408.0981 160.3050 -153.7755 -9.3925 95.5110 100.0000 stroke3
movl 0 8.8911 409.3250 159.7814 -152.8801 -7.9549 94.8798 100.0000 stroke3
movl 0 8.4192 409.4671 159.7802 -152.3116 -6.6738 94.1836 100.0000 stroke3
movl 0 8.0268 409.5509 160.1903 -151.5997 -5.1451 93.6835 100.0000 stroke3
movl 0 7.9235 410.0699 160.1742 -150.9989 -3.1000 92.8602 100.0000 stroke3
movl 0 7.6400 410.3094 160.2456 -150.5242 -0.9501 91.8555 100.0000 stroke3
movl 0 6.0366 411.0569 160.2478 -150.5463 1.4791 91.1904 100.0000 stroke3
movl 0 5.1631 411.6303 160.1260 -150.4128 3.6804 90.7231 100.0000 stroke3
movl 0 4.1591 411.1508 160.4995 -150.5513 4.5879 90.3420 100.0000 stroke3
movl 0 6.6323 407.1332 162.1530 -150.1875 1.5574 89.6701 100.0000 stroke3
movl 0 5.2627 407.6259 162.0745 -150.3725 2.5804 89.9474 100.0000 stroke3
movl 0 3.2980 407.1706 162.2911 -150.9201 3.0330 90.4282 100.0000 stroke3
movl 0 3.2547 403.6973 163.9059 -151.0011 0.2809 90.0969 100.0000 stroke3
movl 0 4.9476 398.1309 167.1241 -150.7204 -4.3728 89.8824 100.0000 stroke3
movl 0 0.7056 377.4357 212.9406 -149.8996 -21.7305 96.1953 100.0000 stroke3
movl 0 -10.6842 375.1490 211.2873 -145.6092 -14.8927 87.7965 100.0000 stroke4
movl 0 -9.3868 372.1647 170.8713 -146.8771 -10.8721 84.9455 100.0000 stroke4
movl 0 -19.3652 368.9185 175.8992 -151.6239 -10.4428 83.0870 100.0000 stroke4
movl 0 -31.3468 366.3860 175.8072 -154.6391 -8.7684 83.1135 100.0000 stroke4
movl 0 -35.1482 366.3903 173.9755 -154.2828 -10.0836 83.9325 100.0000 stroke4
movl 0 -37.9241 368.0776 172.2906 -154.8564 -10.8120 86.6450 100.0000 stroke4
movl 0 -40.8962 368.3759 171.5648 -156.2675 -11.3792 87.4238 100.0000 stroke4
movl 0 -45.2837 367.7390 171.7870 -158.7935 -11.5296 87.9771 100.0000 stroke4
movl 0 -47.0360 366.7446 172.3910 -160.2200 -11.4750 88.7130 100.0000 stroke4
movl 0 -50.3705 364.7911 172.8112 -161.6564 -12.2852 89.2450 100.0000 stroke4
movl 0 -52.6966 363.8004 173.0633 -162.9817 -12.7595 88.8102 100.0000 stroke4
movl 0 -51.9612 364.2063 173.3337 -163.5530 -12.5300 87.5402 100.0000 stroke4
movl 0 -51.0569 364.4653 173.7750 -164.4202 -12.2128 86.1164 100.0000 stroke4
movl 0 -49.1612 365.1892 174.2374 -165.3001 -11.8703 84.2091 100.0000 stroke4
movl 0 -48.9347 365.9459 174.4921 -166.7197 -11.4994 81.9946 100.0000 stroke4
movl 0 -49.6979 366.5205 174.7280 -168.5380 -11.1936 79.3480 100.0000 stroke4
movl 0 -50.5916 367.6275 174.5182 -170.2241 -10.9159 76.9719 100.0000 stroke4
movl 0 -47.6240 364.0209 175.8512 -168.1398 -12.0835 77.3563 100.0000 stroke4
movl 0 -45.8187 362.6132 176.2126 -167.3739 -13.1158 77.0200 100.0000 stroke4
movl 0 -45.8880 362.6399 176.1707 -167.5021 -13.0038 76.8686 100.0000 stroke4
movl 0 -45.9500 364.5613 176.1946 -167.9715 -10.9203 76.7689 100.0000 stroke4
movl 0 -46.5331 365.6133 176.3541 -168.5875 -9.4963 76.5644 100.0000 stroke4
movl 0 -44.9808 362.0236 177.3897 -167.5850 -10.9458 76.8094 100.0000 stroke4
movl 0 -44.6719 363.1589 177.1196 -167.6945 -10.5085 76.5561 100.0000 stroke4
movl 0 -44.6946 364.0673 177.2696 -168.1962 -8.8625 76.2407 100.0000 stroke4
movl 0 -44.1126 363.3216 177.3025 -167.7227 -9.0443 76.3701 100.0000 stroke4
movl 0 -43.5913 360.5076 177.4685 -165.9553 -11.0245 77.9880 100.0000 stroke4
movl 0 -42.2187 359.8073 177.5416 -164.6436 -11.7262 78.7138 100.0000 stroke4
movl 0 -38.8523 357.8898 181.6871 -160.9629 -13.2282 80.3551 100.0000 stroke4
